Minamata  (1280,3519)  (1258,3626)  (1328,3626)  (1188,3626)  (1188,3696)  (1258,3696)  (1328,3696)  (1188,3766)  (1258,3766)  (1328,3766)  (1190,3768)  | overflowToLeft=false
Ibraki Coast  (9746,3122)  (9816,3122)  (9676,3122)  (9676,3192)  (9746,3192)  (9816,3192)  (9676,3262)  (9746,3262)  (9816,3262)  (9676,3312)  (9746,3312)  (9816,3312)  (9676,3382)  (9746,3822)  (9816,3822)  (9678,3384)     | overflowToLeft=false
Odani  (4718,2465)  (4694,2573)  (4764,2573)  (4624,2573)  (4624,2643)  (4694,2643)  (4764,2643)  (4624,2713)  (4694,2713)  (4764,2713)  (4626,2715)  | overflowToLeft=false
Miki (6696,2627) (6665,2730) (6735,2730)  (6595,2730)  (6595,2800) (6665,2800) (6735,2800)  (6595,2870) (6665,2870) (6735,2870)  (6597,2872)  | overflowToLeft=false  
Jeolla-Gangwon pass  (560,154)  (332,303)  (402,303)  (332,233)  (402,233)  (332,373)  (402,373)  | overflowToLeft=false
Shimo Sea  (770,3845)  (840,3845)  (700,3845)  (700,3915)  (770,3915)  (840,3915)  (700,3985)  (770,3985)  (840,3985)  (700,4055)  (770,4055)  (840,4055)  (700,4125)  (770,4125)  (840,4125)  (630,3845)  (630,3915)  (630,3985)  (630,4055)  (630,4125)  (632,4127) | overflowToLeft=false
Hyogo-Tsu  (4851,3487)  (1749,6127)  (4818,3593)  (4888,3593)  (4748,3593)  (4748,3663)  (4818,3663)  (4888,3663)  (4748,3733)  (4818,3733)  (4888,3733)  (4750,3735) | overflowToLeft=false    
Sakai  (5006,4154)  (1921,6126)  (4971,4261)  (5041,4261)  (4901,4261)  (4901,4331)  (4971,4331)  (5041,4331)  (4901,4401)  (4971,4401)  (5041,4401)   (4903,4403)| overflowToLeft=false 
Hagi  (2979,1597)  (2946,1704)  (3016,1704)  (2876,1704)  (2876,1774)  (2946,1774)  (3016,1774)  (2876,1844)  (2946,1844)  (3016,1844)  (2878,1846) | overflowToLeft=false 
Hiroshima  (3319,2655)  (3285,2760)  (3355,2760)  (3215,2760)  (3215,2830)  (3285,2830)  (3355,2830)  (3215,2900)  (3285,2900)  (3355,2900)   (3217,2902) | overflowToLeft=false 
Himeij  (4594,3129)  (4559,3235)  (4629,3235)  (4489,3235)  (4489,3305)  (4559,3305)  (4629,3305)   (4489,3375)  (4559,3375)  (4629,3375)  (4491,3377)  | overflowToLeft=false 
Okayama  (4138,3047)  (4106,3155)  (4176,3155)  (4036,3155)  (4036,3225)  (4106,3225)  (4176,3225)  (4036,3295)  (4106,3295)  (4176,3295)  (4038,3297)     | overflowToLeft=false 
Matsue  (4070,1468)  (4038,1574)  (4108,1574)  (3968,1574)  (3968,1644)  (4038,1644)  (4108,1644)  (3968,1714)  (4038,1714)  (4108,1714)  (3970,1716)  | overflowToLeft=false 
Mito  (9514,3381)  (9480,3488)  (9550,3488)   (9410,3488)  (9410,3558)  (9480,3558)  (9550,3558)  (9410,3628)  (9480,3628)  (9550,3628)  (9412,3630)   | overflowToLeft=false 
Edo  (8769,4077)  (8736,4184)  (8806,4184)  (8666,4184)  (8666,4254)  (8736,4254)  (8806,4254)  (8666,4324)  (8736,4324)  (8806,4324)  (8668,4326)| overflowToLeft=false 
Shizuoka  (7759,4331)  (7735,4440)  (7805,4440)  (7665,4440)  (7665,4510)  (7735,4510)  (7805,4510)  (7665,4580)  (7735,4580)  (7805,4580)  (7667,4582) | overflowToLeft=false 
Tateyama  (8623,5054)  (8589,5160)  (8659,5160)  (8519,5160)  (8519,5230)  (8589,5230)  (8659,5230)  (8519,5300)  (8589,5300)  (8659,5300)   (8521,5302) | overflowToLeft=false 
Odaki  (9482,4471)  (9450,4580)  (9520,4580)  (9380,4580)  (9380,4650)  (9450,4650)  (9520,4650)  (9380,4720)  (9450,4720)  (9520,4720)  (9382,4722) | overflowToLeft=false 
Iwamura (7337,3147)  (7305,3255)  (7375,3255)  (7235,3255)  (7235,3325)  (7305,3325)  (7375,3325)  (7235,3395)  (7305,3395)  (7375,3395)  (7237,3397)   | overflowToLeft=false 
Gifu  (6992,3689)  (6960,3796)  (7030,3796)  (6890,3796)  (6890,3866)  (6960,3866)  (7030,3866)   (6890,3936)  (6960,3936)  (7030,3936)    (6892,3938)  | overflowToLeft=false 
Nagoya  (6754,4487)  (6722,4595)  (6792,4595)  (6652,4595)  (6652,4665)  (6722,4665)  (6792,4665)  (6652,4735)  (6722,4735)  (6792,4735)  (6654,4737) | overflowToLeft=false 
Kiyosu  (6456,4256)  (6423,4364)  (6493,4364)  (6353,4364)  (6353,4434)  (6423,4434)  (6493,4434)  (6353,4504)  (6423,4504)  (6493,4504)   (6355,4506) | overflowToLeft=false 
Ryukyu Shoto  (376,5701)  (1316,6127)  (358,5810)  (428,5810)  (288,5810)  (288,5880)  (358,5880)  (428,5880)   (288,5950)  (358,5950)  (428,5950)  (498,5810)  (498,5880)  (498,5950)  (218,5810)  (218,5880)  (218,5950)  (148,5810)  (148,5880)  (148,5950)  (1508,5952) | overflowToLeft=false 
Tottori (4946,1483)  (4913,1591)  (4983,1591)  (4843,1591)  (4843,1661)  (4913,1661)  (4983,1661)   (4843,1731)  (4913,1731)  (4983,1731)   (4845,1733)  | overflowToLeft=false 
Miyakonoyo  (1879,4503)  (1846,4609)  (1916,4609)  (1776,4609)  (1776,4679)  (1846,4679)  (1916,4679)  (1776,4749)  (1846,4749)  (1918,4751)  | overflowToLeft=false 
Azuchi (6391,2948)  (6360,3056)  (6430,3056)  (6290,3056)  (6290,3126)  (6360,3126)  (6430,3126)  (6290,3196)  (6360,3196)  (6430,3196)  (6292,3198)   | overflowToLeft=false 
Nara (5853,3570)  (6718,6124)  (5820,3677)  (5890,3677)  (5750,3677)  (5750,3747)  (5820,3747)  (5890,3747)  (5750,3817)  (5820,3817)  (5890,3817)  (5750,3817)  (5822,3819)   | overflowToLeft=false
Takeyama (7123,2363)  (7090,2470)  (7160,2470)  (7020,2470)  (7020,2540)  (7090,2540)  (7160,2540)  (7020,2610)  (7090,2610)  (7160,2610)  (7022,2612)  | overflowToLeft=false 
Toyama (7388,1897)  (7355,2004)  (7425,2004)  (7285,2004)  (7285,2074)  (7355,2074)  (7425,2074)  (7285,2144)  (7355,2144)  (7425,2144)  (7287,2146) | overflowToLeft=false 
Kanazawa (6804,1694)  (6780,1802)  (6850,1802)  (6710,1802)  (6710,1872)  (6780,1872)  (6850,1872)  (6710,1942)  (6780,1942)  (6850,1942)  (6712,1944) | overflowToLeft=false 
Obama (5931,1992)  (2008,6124)  (5898,2098)  (5968,2098)  (5828,2098)  (5828,2168)  (5898,2168)  (5968,2168)  (5828,2238)  (5898,2238)  (5968,2238)  (5830,2240)  | overflowToLeft=false 
Miyazu (5454,1894)  (5422,2000)  (5492,2000)  (5352,2000)  (5352,2070)  (5422,2070)  (5492,2070)  (5352,2140)  (5422,2140)  (5492,2140)  (5354,2142) | overflowToLeft=false 
Gassantoda (4033,1990)  (4000,2097)  (4070,2097)  (3930,2097)  (3930,2167)  (4000,2167)  (4070,2167)  (3930,2237)  (4000,2237)  (4070,2237)  (3932,2239)  | overflowToLeft=false
Yoshida (3563,2080)  (3530,2185)  (3600,2185)  (3460,2185)  (3460,2255)  (3530,2255)  (3600,2255)  (3460,2325)  (3530,2325)  (3600,2325)  (3462,2327)  | overflowToLeft=false
Odawara  (8207,4594)  (8175,4700)  (8245,4700)  (8105,4700)  (8105,4770)  (8175,4770)  (8245,4770)  (8105,4840)  (8175,4840)  (8245,4840)  (8107,4842) | overflowToLeft=false 
Akita  (9315,1277)  (9282,1386)  (9352,1386)  (9212,1386)  (9212,1456)  (9282,1456)  (9352,1456)  (9212,1526)  (9282,1526)  (9352,1526)  (9214,1528)   | overflowToLeft=false 
Kofu  (8284,3411)  (8304,3519)  (8374,3519)  (8234,3519)  (8234,3589)  (8304,3589)  (8374,3589)  (8234,3659)  (8304,3659)  (8374,3659)  (8236,3661) | overflowToLeft=false 
Niigata  (8474,1717)  (8450,1824)  (8520,1824)  (8380,1824)  (8380,1894)  (8450,1894)  (8520,1894)  (8380,1964)  (8450,1964)  (8520,1964)  (8382,1966) | overflowToLeft=false 
Kasugayama  (7988,1925)  (7954,2032)  (8024,2032)  (7884,2032)  (7884,2102)  (7954,2102)  (8024,2102)  (7884,2172)  (7954,2172)  (8024,2172)  (7886,2174)  | overflowToLeft=false 
Nagano  (8345,2586) (6891,6126) (8312,2693)  (8382,2693)  (8242,2693)  (8242,2763)  (8312,2763)  (8382,2763)  (8242,2833)  (8312,2833)  (8382,2833)   (8244,2835) | overflowToLeft=false 
Awa Kannou  (8886,4926)  (8775,5034)  (8845,5034)  (8705,5034)  (8915,5034)  (8705,5104)  (8775,5104)  (8845,5104)  (8915,5104)  (8707,5106)   | overflowToLeft=false
Imabari (3451,3367) (3419,3472) (3489,3472) (3349,3472) (3349,3542) (3419,3542) (3489,3542) (3349,3612) (3419,3612) (3489,3612) (3351,3614)  | overflowToLeft=false
Tsugaru Strait  (808,6127)  (9890,710)  (9960,710)  (9820,710)  (9820,780)  (9890,780)  (9960,780)  (10010,710)  (10010,780)  (10080,710)  (10080,780)  (10150,710)  (10150,780)  (9750,710)  (9750,780)  (9752,782)  | overflowToLeft=false
Hoki-Mimasake pass  (4310,2140)  (4291,2264)  (4291,2334)  (4221,2264)  (4221,2334)  (4361,2264)  (4361,2334)  | overflowToLeft=false
South Mino  (6993,3396)  (6980,3510)  (7050,3510)  (6910,3510)  (6910,3580)  (6980,3580)  (7050,3580)  (6840,3510)  (6840,3580)  (7120,3510)  (7120,3580)  (7170,3510)  (7170,3580)  (6842,3582)  | overflowToLeft=false
Awashimura Bay  (8990,1083)  (9060,1083)  (8920,1083)  (8920,1153)  (8990,1153)  (9060,1153)  (8920,1223)  (8990,1223)  (9060,1223)  (8920,1293)  (8990,1293)  (9060,1293)  (8920,1363)  (8990,1363)  (9060,1363)  (8922,1365)  | overflowToLeft=false
Wakasa Bay  (5590,1715)  (5660,1715)  (5520,1715)  (5520,1785)  (5590,1785)  (5660,1785) (5590,1855) (5660,1855)  (5730,1715)  (5730,1785)  (5520,1715)  (5520,1785)  (5800,1715)  (5800,1785)  (5450,1715)  (5450,1785)  (5452,1787) | overflowToLeft=false
Gyeongsang  (1063,483)  (1050,590)  (1120,590)  (980,590)  (980,660)  (1050,660)  (1120,660)  (980,730)  (1050,730)  (1120,730)  (910,590)  (910,660)  (910,730)  (910,800)  (980,800)  (1050,800)  (912,802)  | overflowToLeft=false
North Shinano  (7972,2665)  (8638,6122) (7971,2773)  (8041,2773)  (7901,2773)  (7901,2843)  (7971,2843)  (8041,2843)  (7901,2913)  (7971,2913)  (8041,2913)  (7901,2983)  (7971,2983)  (8041,2983)  (7831,2773)  (7831,2843)  (7831,2913)  (7831,2983)  (7833,2985)     | overflowToLeft=false
Iwami-Aki pass  (3275,1951)  (3259,2070)  (3259,2140)  (3189,2070)  (3189,2140)  (3329,2070)  (3329,2140)  (3191,2142)  | overflowToLeft=false
Suruga-Sagami pass  (8256,3961)  (8082,3992)  (8152,3992)  (8082,3922)  (8152,3922)  (8082,4062)  (8152,4062)  | overflowToLeft=false
Kai-Suruga pass  (7949,3460)  (7931,3577)  (7931,3647)  (7861,3577)  (7861,3647)  (8001,3577)  (8001,3647)  | overflowToLeft=false
Gangwon  (974,139)  (7417,6124)  (964,244)  (1034,314)  (894,244)  (894,314)  (964,244)  (1034,314)  (824,244)  (824,314)  (1104,244)  (1104,314)  (826,316)  | overflowToLeft=false
Shimosa  (9085,3743)  (7850,6125)  (9070,3853)  (9140,3853)  (9000,3853)  (9000,3923)  (9070,3923)  (9140,3923) (9000,3993)  (9070,3993)  (9140,3993)   (9000,4063)  (9070,4063)  (9140,4063)  (9000,4133)  (9070,4163)  (9140,4163)  (9002,4135)        | overflowToLeft=false
South Dewa-Central Mutsu pass  (9552,1786)  (9618,1825)  (9688,1825)  (9618,1755)  (9688,1755)  (9618,1895)  (9688,1895)  | overflowToLeft=false
Seto Inland Sea  (3775,3475) (3845,3475) (3705,3475) (3705,3545)  (3775,3545) (3845,3545)  (3915,3475)  (3915,3545)  (3985,3475)  (3985,3545)  (3635,3475)  (3635,3545)  (3637,3547) | overflowToLeft=false
Tsushima  (1896,838)  (1886,946)  (1956,946)  (1816,946)  (1816,1016)  (1886,1016)  (1956,1016)  (1886,1086)  (1956,1086)  (2026,1086)  (1956,1156)  (2026,1156)   (2096,1156)   (2026,1226)   (2096,1226)  (2166,1226)    (2096,1296)  (2166,1296)  (2236,1296)  (2238,1298)   | overflowToLeft=false
Suo  (2846,2111)  (2617,6126) (2832,2221)  (2902,2221)  (2762,2221)  (2762,2291)  (2832,2291)  (2902,2291)  (2762,2361)  (2832,2361)  (2902,2361)  (2972,2221)  (2972,2291)  (2972,2361)  (2832,2431)  (2902,2431)  (2972,2431)  (2692,2221)  (2622,2221)  (2624,2223)     | overflowToLeft=false
Ezochi-Iburi pass  (10010,220)  (10073,263)  (10143,263)  (10073,193)  (10143,193)  (10073,333)  (10143,333)  | overflowToLeft=false
Noto  (7267,1435)  (5931,6124)  (7255,1541)  (7325,1541)  (7185,1541)  (7185,1611)  (7255,1611)  (7325,1611)  (7185,1681)  (7255,1681)  (7325,1681)  (7395,1541)  (7395,1611)  (7395,1681)   (7115,1541)  (7115,1611)  (7115,1681)  (7115,1751)  (7185,1751)   (7115,1821)  (7185,1821)   (7117,1823)| overflowToLeft=false
Oki Bay  (4272,800)  (4342,800)  (4202,800)  (4202,870)  (4272,870)  (4342,870)  (4202,940)  (4272,940)  (4342,940)  (4202,1010)  (4272,1010)  (4342,1010)  (4202,1080)  (4272,1080)  (4342,1080)  (4204,1082)  (4132,800)   (4132,870)    (4132,940)    (4132,1010)    (4132,1080)    (4134,1082)     | overflowToLeft=false
Bitchu  (4063,2756)  (4691,6122)  (4040,2863)  (4110,2863)  (3970,2863)  (3970,2933)  (4040,2933)  (4110,2933)  (3970,3003)  (4040,3003)  (4180,2863)  (4180,2933)  (3900,2863)  (3900,2933)  (3900,4003)  (3902,4005)  | overflowToLeft=false
East Tosa  (3543,4169)  (3915,6125)  (3528,4278)  (3598,4278)  (3458,4278)  (3458,4348)  (3528,4348)  (3598,4348)  (3458,4418)  (3528,4418)  (3598,4418)  (3528,4488) (3598,4488)  (3598,4538)  (3668,4538)  (3598,4608)  (3668,4608) (3608,4610) | overflowToLeft=false
Shimane Coast  (2950,1420)  (3020,1420)  (2880,1420)  (2880,1490)  (2950,1490)  (3020,1490)   (3090,1420)   (3090,1490)   (2810,1420)   (2810,1490)   (3160,1420)   (3160,1490)     (2740,1420)   (2740,1490)  (2742,1492)      | overflowToLeft=false
Chikuzen  (1767,2450)  (2532,6124)  (1748,2555)  (1818,2555)  (1678,2555)  (1678,2625)  (1748,2625)  (1818,2625)  (1888,2555)  (1888,2625)  (1818,2695)  (1888,2695)  (1958,2695)  (2028,2695)  (1888,2765)  (1958,2765)  (2028,2765)  (2098,2765)  (1890,2767) | overflowToLeft=false
Sagami  (8236,4180)   (6805,6123)  (8220,4286)  (8290,4286)  (8150,4286)  (8150,4356)  (8220,4356)  (8290,4356)  (8150,4426)  (8220,4426)  (8290,4426)  (8150,4496)  (8220,4496)  (8290,4496)   (8360,4496)  (8430,4496)   (8360,4566)  (8430,4566)   (8360,4636)  (8430,4636)   (8362,4638) | overflowToLeft=false
Kawachi  (5387,3872)  (5373,3978)  (5443,3978)  (5303,3978)   (5303,4048)  (5373,4048)  (5443,4048)  (5303,4118)  (5373,4118)  (5443,4118)  (5303,4188)  (5373,4188)  (5443,4188)  (5303,4258)  (5373,4258)  (5443,4258)  (5305,4260) | overflowToLeft=false
Hida-North Shinano pass  (7754,2823)  (7589,2859)  (7659,2859)  (7589,2789)  (7659,2789)  (7589,2929)  (7659,2929)  | overflowToLeft=false
Iyo-West Tosa pass  (2923,3850)  (2906,3967)  (2906,4037)  (2836,3967)  (2836,4037)  (2976,3967)  (2976,4037)  | overflowToLeft=false
South Shinano-North Mikawa pass  (7420,3536)  (7405,3654)  (7405,3724)  (7335,3654)  (7475,3724)  (7475,3654)  (7335,3724)  | overflowToLeft=false
Chiba Coast  (9375,5282)  (9445,5282)  (9305,5282)  (9305,5352)  (9375,5352)  (9445,5352)  (9305,5422)  (9375,5422)  (9445,5422)  (9305,5492)  (9375,5492)  (9445,5492)  (9305,5562)  (9375,5562)  (9445,5562)  (9307,5564)   | overflowToLeft=false
West Kii-East Kii pass  (4774,5384)  (4833,5421)  (4903,5421)  (4833,5351)  (4903,5351)  (4833,5491)  (4903,5491)  | overflowToLeft=false
Iyo-East Tosa pass  (3312,3844)  (3293,3959)  (3293,4029)  (3223,3959)  (3223,4029)  (3363,3959)  (3363,4029)  | overflowToLeft=false
North Mino-Hida pass  (7316,3013)  (7148,3050)  (7218,3050)  (7148,2980)  (7218,2980)  (7148,3120)  (7218,3120)  | overflowToLeft=false
Kita Bay  (2123,1820)  (2193,1820)  (2053,1820)  (2053,1890)  (2123,1890)  (2193,1890)  (2053,1960)  (2123,1960)  (2193,1960)  (2053,2030)  (2123,2030)  (2193,2030)  (1983,1820)  (1983,1890)  (1983,1960)  (1983,2030)  (1985,2032)  | overflowToLeft=false
Osaka  (5107,3787)  (1836,6125)  (5072,3892)  (5142,3892)  (5002,3892)  (5002,3962)  (5072,3962)  (5142,3962)  (5002,4032)  (5072,4032)  (5142,4032)   (5004,4034)  | overflowToLeft=false
Wakasa-North Omi pass  (5972,2665)  (5955,2783)  (5955,2853)  (5885,2783)  (5885,2853)  (6025,2783)  (6025,2853)   (5815,2783)  (5815,2853)  (5817,2855)    | overflowToLeft=false
Kai-Musashi pass  (8286,3255)  (8350,3293)  (8420,3293)  (8350,3223)  (8420,3223)  (8350,3363)  (8420,3363)  (8352,3365)   | overflowToLeft=false
Awaji  (4469,3862)  (4453,3969)  (4523,3969)  (4383,3969)  (4383,4039)  (4453,4039)  (4523,4039)  (4383,4109)  (4453,4109)  (4523,4109)  (4523,3969)  (4523,4039)  (4523,4109)   (4313,3969)  (4313,4039)  (4313,4109)   (4315,3971)     | overflowToLeft=false
Ezochi  (9746,150)  (9735,258)  (9805,258)  (9665,258)  (9665,328)  (9735,328)  (9805,328)  (9665,398)  (9735,398)  (9805,398)  (9875,258)  (9875,328)  (9875,398)   (9735,258)   (9735,328)  (9735,398)  (9737,400) | overflowToLeft=false
Kyoto  (6026,3126) (4865,6123) (5972,3300)  (5902,3230)  (5972,3230)  (6042,3230)  (6112,3230)  (5902,3300)  (6042,3300)  (6112,3300)  (5902,3370)  (5972,3370)  (6042,3370)  (6112,3370)  (5902,3440)  (5972,3440)  (6042,3440)  (6112,3440)  | overflowToLeft=false
Buzen  (2130,2310)  (3742,6126)  (2115,2420)  (2185,2420)  (2045,2420)  (2045,2490) (2115,2490)  (2185,2490)  (2045,2560) (2115,2560)  (2185,2560)  (2045,2630)   (2115,2630)  (2045,2700)   (2115,2700)  (1975,2420)  (1975,2490)  (2255,2560)  (1977,2492) | overflowToLeft=false
Uchiura Bay  (10705,603)  (10775,603)  (10635,603)  (10635,673)  (10705,673)  (10775,673)   (10635,743)  (10705,743)  (10775,743)  (10635,813)  (10705,813)  (10775,813)  (10705,603)  (10705,673)  (10705,743)  (10705,813)  (10707,815)  | overflowToLeft=false
North Mutsu  (10090,1151)  (10070,1256)  (10140,1256)  (10000,1256)  (10000,1326)  (10070,1326)  (10140,1326)  (10000,1396)  (10070,1396)  (10140,1396)   (10070,1466)  (10140,1466)  (10070,1536)  (10140,1536)  (10072,1538)   | overflowToLeft=false
Sea of Japan 1  (2960,286)  (3030,286)  (2890,286)  (2890,356)  (2960,356)  (3030,356)  (2890,426)  (2960,426)  (3030,426)  (2890,496)  (2960,496)  (3030,496)  (2820,286) (2820,356) (2820,426) (2820,496) (2822,498)| overflowToLeft=false
Kii Coast  (5300,5570)  (5370,5570)  (5230,5570)  (5230,5640) (5300,5640)  (5370,5640)  (5230,5710) (5300,5710)  (5160,5570)  (5160,5640)  (5160,5710)  (5090,5570)  (5090,5640)  (5090,5710)  (5020,5640)  (5020,5710)   (5022,5712)  | overflowToLeft=false
Yamashiro  (5708,3209)   (7504,6123)  (5704,3315)  (5774,3315)  (5634,3315)  (5634,3385)  (5704,3385)  (5774,3385)  (5634,3455)  (5704,3455)  (5774,3455)  (5634,3525)  (5704,3525) (5634,3595) (5634,3665) (5634,3735)   (5636,3527)    | overflowToLeft=false
Kagoshima Bay (462,6125) (900,4862)  (970,4862)  (830,4862)  (830,4932)  (900,4932)  (970,4932)  (830,5002)  (900,5002)  (970,5002)   (830,5072)  (900,5072)  (970,5072)   (830,5142)  (900,5142)  (970,5142)   (830,5212)  (900,5212)  (970,5212)  (972,5214)  | overflowToLeft=false
East Echigo  (8780,1802)  (8770,1912)  (8840,1912)  (8700,1912)  (8700,1982)  (8770,1982)  (8840,1982)  (8630,1912)   (8630,1982)  (8630,2052)  (8700,2052)  (8840,1912)  (8840,1982)  (8630,2122)  (8630,2192)  (8560,2122)  (8560,2192)  (8702,1984) | overflowToLeft=false
South Dewa  (9315,1633)   (9300,1740)   (9370,1740)   (9230,1740)   (9230,1810)   (9300,1810)   (9370,1810)   (9230,1880)   (9300,1880)   (9370,1880)   (9230,1950)   (9300,1950)   (9370,1950)    (9160,1740)   (9160,1810)   (9160,1880)   (9160,1950)   (9162,1952) | overflowToLeft=false
South Ise  (5902,4655)  (4951,6124)  (5890,4763)  (5960,4763)   (5820,4763)   (5820,4833) (5890,4833)  (5960,4833)  (5820,4903) (5890,4903)  (5960,4903)   (5750,4763)  (5750,4833)  (5750,4903)   (6030,4763)  (6030,4833)  (6030,4903)  (5680,4763)  (5680,4833)  (5680,4903)   (5682,4905)   | overflowToLeft=false
Hyuga Coast  (2395,4533)  (2465,4533)  (2320,4533)  (2320,4603)  (2395,4603)  (2465,4603)  (2320,4673)  (2395,4673)  (2465,4673)  (2320,4743)  (2395,4743)  (2465,4743)  (2250,4533)  (2250,4603)  (2250,4673)  (2250,4743)  (2252,4745)    | overflowToLeft=false
Kazusa  (9176,4410)  (9165,4516)  (9235,4516)  (9095,4516)  (9095,4586)  (9165,4586)  (9235,4586)  (9095,4656)  (9165,4656)  (9235,4656)  (9095,4726)  (9165,4726)  (9235,4726)  (9095,4796)  (9165,4796)  (9235,4796)   (8935,4516)  (8935,4586)  (8935,4656) (8935,4726)  (8935,4796)  (8937,4798)  | overflowToLeft=false
Osumi  (1611,4321)  (1600,4434)  (1670,4434)  (1530,4434)  (1530,4504)  (1600,4504)  (1670,4504)  (1460,4434)  (1460,4504)  (1460,4574)  (1530,4574)  (1600,4574)  (1670,4574)  (1460,4644)  (1530,4644)  (1600,4644)  (1460,4714)  (1530,4714)  (1600,4714)  (1462,4716) | overflowToLeft=false
Inaba  (4662,1727)  (6458,6125)   (4655,1835)  (4725,1835)  (4585,1835)  (4585,1905)  (4655,1905)  (4725,1905)  (4585,1975)  (4655,1975)  (4725,1975)   (4585,2045)  (4655,2045)  (4725,2045)  (4515,1835) (4515,1905) (4515,1975) (4515,2045)   (4727,2047)  | overflowToLeft=false
Awa  (3845,4170)  (6545,6123)   (3835,4280)  (3905,4280)  (3765,4280)  (3765,4350)  (3835,4350)  (3905,4350)    (3765,4420)  (3835,4420)  (3905,4420)   (3765,4490)  (3835,4490)  (3905,4490)   (3765,4560)  (3835,4560)  (3905,4560)   (3767,4562)      | overflowToLeft=false
Korea Strait  (300,1813)  (370,1813)  (230,1813)  (230,1883)  (300,1883)  (370,1883)  (230,1953)  (300,1953)  (370,1953)   (230,2023)  (300,2023)  (370,2023)   (230,2093)  (300,2093)  (370,2093)  (232,2095)    | overflowToLeft=false
Mimasake  (4430,2462)  (4420,2570)  (4490,2570)  (4350,2570)  (4350,2640)  (4420,2640)  (4490,2640)  (4350,2710)  (4420,2710)  (4490,2710)  (4280,2570)  (4280,2640)   (4280,2710)  (4282,2712)   | overflowToLeft=false
Wakayama Sea  (3890,4895)  (3960,4895)  (3820,4895)  (3820,4965)  (3890,4965)  (3960,4965)  (3820,5065)  (3890,5056)  (3960,5056)  (3820,5126)  (3890,5126)  (3960,5126)  (3820,5196)  (3890,5196)  (3960,5196)  (3822,5198)| overflowToLeft=false
Bungo Strait  (2510,3984)  (2580,3984)  (2440,3984)  (2440,4054)  (2510,4054)  (2580,4054)  (2440,4124)  (2510,4124)  (2580,4124)  (2440,4194)  (2510,4194)  (2580,4194)  (2370,3984)  (2370,4054)  (2370,4124)  (2370,4194))  (2372,4196)     | overflowToLeft=false
North Dewa-North Mutsu pass  (9777,998)  (9838,1039)  (9908,1039)  (9838,969)  (9908,969)  (9838,1109)  (9908,1109)  | overflowToLeft=false
Tosa Bay  (3275,4664)  (3345,4664)  (3205,4664)  (3205,4734)  (3275,4734)  (3345,4734) (3205,4804)  (3275,4804)  (3345,4804) (3415,4664)  (3415,4734)  (3415,4804)   (3135,4664)   (3135,4734)   (3135,4804)   (3137,4806) | overflowToLeft=false
North Mino (6924,2937)  (7589,6128)   (6912,3045)  (6982,3045)  (6842,3045)  (6842,3115)  (6912,3115)  (6982,3115)  (6842,3185)  (6912,3185)  (6982,3185)  (6842,3255)  (6912,3255)  (6982,3255)   (6842,3325)  (6912,3325)  (6982,3325)   (7052,3255)   (7052,3325)  (6844,3327) | overflowToLeft=false
Sado Bay  (7755,1083)  (7825,1083)  (7685,1083)  (7685,1153)  (7755,1153)  (7825,1153)  (7685,1223)  (7755,1223)  (7825,1223)   (7685,1293)  (7755,1293)  (7825,1293)   (7685,1363)  (7755,1363)  (7825,1363)  (7687,1365) | overflowToLeft=false
Iga  (6118,3645)  (6115,3755)  (6185,3755)  (6045,3755)  (6045,3825)  (6115,3825)  (6185,3825)   (6045,3895)  (6115,3895)  (6045,3965)  (6045,4035)  (6115,4035)  (6185,4035)  (6045,4105)  (6115,4105)  (6185,4105)  (6045,4175)  (6115,4175)  (6185,4175)  (6047,4177)   | overflowToLeft=false
Saigo Bay  (5528,965)  (5598,965)  (5458,965)  (5458,1035) (5528,1035)  (5598,1035)  (5458,1105) (5528,1105)  (5598,1105)   (5458,1175) (5528,1175)  (5598,1175)  (5458,1245) (5528,1245)  (5598,1245)  (5458,1315) (5528,1315)  (5598,1315)  (5600,1317)  | overflowToLeft=false
Tango  (5469,2250)  (5458,2359)  (5528,2359)  (5388,2359)  (5388,2429)  (5458,2429)  (5528,2429)  (5388,2479)  (5458,2479)  (5598,2359)  (5598,2429)   (5598,2499)   (5598,2569)  (5318,2359)  (5318,2429)  (5318,2479)   (5320,2481) | overflowToLeft=false
Hoki  (4314,1712)  (4293,1822)  (4363,1822)  (4223,1822)  (4223,1892)  (4293,1892)  (4363,1892)   (4223,1962)  (4293,1962)  (4363,1962)   (4223,2032)  (4293,2032)  (4363,2032)  (4153,1822)  (4153,1872)  (4153,1942)  (4155,1944)  | overflowToLeft=false
Tsushima Strait  (548,6127)  (2160,1233)  (2230,1233)  (2090,1233)  (2090,1303)  (2160,1303)  (2230,1303)  (2090,1373)  (2160,1373)  (2230,1373)  (2090,1443)  (2160,1443)  (2230,1443)  (2020,1233)  (2020,1303)  (2020,1373)  (2020,1443)  (2022,1445)     | overflowToLeft=false
Hitachi  (9245,3248)  (9234,3354) (9304,3354) (9164,3354) (9164,3424)  (9234,3424) (9304,3424) (9164,3494)  (9234,3494) (9304,3494)  (9164,3564)  (9234,3564) (9304,3564)  (9164,3634)  (9234,3634) (9304,3634)  (9166,3636) | overflowToLeft=false
Izushoto  (7951,5381)  (7916,5487)  (7986,5487)  (7846,5487)  (7846,5557)  (7916,5557)  (7986,5557)  (7846,5627)  (7916,5627)  (7986,5627)  (7846,5697)  (7916,5697)  (7986,5697)  (7846,5767)  (7916,5767)  (7986,5767)  (7848,5769) | overflowToLeft=false
Echizen (6383,2108)  (2877,6127)  (6365,2217)  (6435,2217)  (6295,2217)  (6295,2287)  (6365,2287)  (6435,2287)  (6295,2357)  (6365,2357)  (6435,2357)  (6295,2427)  (6365,2427)  (6435,2427)  (6505,2217)  (6505,2287)  (6505,2357)  (6505,2427)  (6275,2217)  (6275,2287)  (6275,2357)  (6275,2427)  (6277,2429)  | overflowToLeft=false
Sea of Japan 3    (635,6125)  (5790,340)  (5860,340)  (5720,340)  (5720,410)  (5790,410)  (5860,410)  (5720,480)  (5790,480)  (5860,480)   (5720,550)  (5790,550)  (5860,550)  (5650,340) (5650,410) (5650,480) (5650,550) (5652,552)   | overflowToLeft=false
Sea of Japan 2  (2960,880)  (3030,880)  (2890,880)  (2890,950) (2960,950)  (3030,950)  (2890,1020) (2960,1020)  (3030,1020)  (2890,1090) (2960,1090)  (3030,1090)  (2820,880)  (2820,950)  (2820,1030)  (2820,1100)  (2822,1102)   | overflowToLeft=false
Sea of Japan 5  (7620,384)  (7690,384)  (7550,384)  (7550,454)  (7620,454)  (7690,454)  (7550,524)  (7620,524)  (7690,524)  (7550,594)  (7620,594)  (7690,594)  (7480,384) (7480,454) (7480,524) (7480,594) (7482,596) | overflowToLeft=false
Sea of Japan 4  (6582,840)  (6652,840)  (6512,840)  (6512,910)  (6582,910)  (6652,910)  (6512,980)  (6582,980)  (6652,980)  (6512,1050)  (6582,1050)  (6652,1050)  (6512,1120)  (6582,1120)  (6652,1120)  (6442,840) (6442,910) (6442,980) (6442,1050) (6442,1120) (6444,1122)  | overflowToLeft=false
Kaga  (6816,2038)  (6800,2146)  (6870,2146)  (6730,2146)  (6730,2216)  (6800,2216)  (6870,2216)  (6730,2286)  (6800,2286)  (6870,2286)  (6730,2356)  (6800,2356)  (6870,2356)   (6730,2426)  (6800,2426)  (6870,2426)  (6732,2428)  | overflowToLeft=false
Izumo Bay  (3903,1268)  (3973,1268)  (3833,1268)  (3833,1338)  (3903,1338)  (3973,1338) (4043,1268)  (4043,1338)  (3763,1268)   (3763,1338)  (4113,1268)  (4113,1338)   (3693,1268)   (3693,1338)   (3695,1340)  | overflowToLeft=false
Mie Coast  (10213,6122)  (6573,5438)  (6643,5438)  (6503,5438)  (6503,5508)  (6573,5508)  (6643,5508)  (6503,5578)  (6573,5578)  (6643,5578)  (6503,5648)  (6573,5648)  (6643,5648)  (6713,5438)  (6713,5508)  (6713,5578)  (6713,5648)  (6433,5438)  (6433,5508)  (6433,5578)  (6435,5650)  | overflowToLeft=false
Hakata Bay  (1620,1870)  (1690,1870)  (1550,1870)  (1550,1940)  (1620,1940)  (1690,1940)  (1550,2010)  (1620,2010)  (1480,2010)  (1480,1940)  (1480,1870)  (1480,2080)  (1550,2080)  (1480,2150)  (1550,2150)  (1480,2220)  (1410,2220)  (1412,2222)    | overflowToLeft=false
Chongcheong  (366,135)  (350,246)  (420,246)  (280,246)  (280,316)  (350,316)  (420,316)  (280,386)  (350,386)  (420,386)  (280,456)  (350,456)  (420,456)  (350,526)  (420,526)  (282,458)    | overflowToLeft=false
Yellow Sea  (159,704)  (248,710)  (178,710)  (178,780)  (248,780)  (178,850)  (248,850)  (178,920)  (248,920)  (178,990)  (248,990)  (178,1060)  (248,1060)  (180,1062)   | overflowToLeft=false
Chongcheong-Gangwon pass   (557,158)  (625,196)  (695,196)  (625,126)  (675,126)  (625,226)  (675,226)  (627,128)  | overflowToLeft=false
Funai  (2601,2810)  (2567,2918)  (2637,2918)  (2497,2918)  (2497,2988)  (2567,2988)  (2637,2988)  (2497,3058)  (2567,3058)  (2637,3058)  (2499,3060)  | overflowToLeft=false
Hakata    (1751,2064)  (1663,6124) (1717,2169) (1787,2169)  (1647,2169)  (1647,2239)  (1717,2239)  (1787,2239)  (1647,2309) (1717,2309)  (1787,2309)  (1649,2311)  | overflowToLeft=false 
Hirado  (1130,2350) (1098,2457) (1168,2457) (1028,2457) (1028,2527) (1098,2527) (1168,2527) (1028,2597) (1098,2597) (1168,2597) (1030,2599)  | overflowToLeft=false 
Jeonju  (662,385)  (627,492)  (697,492)  (557,492)  (557,562)  (627,562)  (697,562)  (557,632)  (627,632)  (697,632)  (559,634) | overflowToLeft=false 
Kagoshima  (1120,4212)  (1490,6127)  (1114,4316)  (1184,4316)  (1044,4316)  (1044,4386)  (1114,4386)  (1184,4386)  (1044,4456)  (1114,4456)  (1184,4456)  (1046,4458)  | overflowToLeft=false
Nagasaki  (1383,2936)  (1576,6124)  (1350,3041)  (1420,3041)  (1280,3041)  (1280,3111)  (1350,3111)  (1420,3111)  (1280,3181)  (1350,3181)  (1420,3181)  (1282,3183)  | overflowToLeft=false 
Obi  (2192,4106)  (2159,4214)  (2229,4214)  (2089,4214)  (2089,4284)  (2159,4284)  (2229,4284)  (2089,4354)  (2159,4354)  (2229,4354)  (2092,4356)  | overflowToLeft=false 
Matsuyama  (4106,2402) (4097,2510) (4167,2510) (4027,2510) (4027,2580) (4097,2580) (4167,2580) (4027,2650) (4097,2650) (4167,2650) (4039,2652)  | overflowToLeft=false
Tokushima  (4141,4226)  (4108,4332)  (4178,4332)  (4038,4332)  (4038,4402)  (4108,4402)  (4178,4402)  (4038,4472)  (4108,4472)  (4178,4472)  (4041,4474)  
Kochi  (3303,4205)  (3272,4311)  (3342,4311)  (3202,4311) (3202,4381) (3272,4381)  (3342,4381)  (3202,4451) (3272,4451)  (3342,4451)  (3204,4453)  | overflowToLeft=false
Tanabe  (4346,4899)  (4313,5004)  (4383,5004)  (4243,5004)  (4243,5074)  (4313,5074)  (4383,5074)  (4243,5144)  (4313,5144)  (4383,5144)  (4245,5146)  | overflowToLeft=false
Toba  (6226,5135)  (6194,5243)  (6264,5243)  (6124,5243)  (6124,5313)  (6194,5313)  (6264,5313)  (6124,5383)  (6194,5383)  (6264,5383)  (6126,5385) | overflowToLeft=false
South Omi  (6553,3273)  (6538,3380)  (6608,3380)  (6468,3380)  (6468,3450)  (6538,3450)  (6608,3450)   (6468,3520)  (6538,3520)  (6608,3520)  (6470,3522) | overflowToLeft=false
Satsuma  (1272,3867)  (3655,6125)  (1250,3980)  (1320,3980)  (1180,3980)  (1180,4050)  (1250,4050)  (1320,4050)  (1180,4120)  (1250,4120)  (1320,4120)  (1110,3980)  (1110,4050)  (1110,4120)  (1112,4122)  | overflowToLeft=false
Jeju-Do  (679,1370)  (664,1476)  (734,1476)  (594,1476)  (594,1546)  (664,1546)  (734,1546)  (594,1616)  (664,1616)  (734,1616)  (524,1476)  (524,1546)  (524,1616)  (524,1476)  (524,1546)  (524,1616)  (526,1618)  | overflowToLeft=false
Niigata Bay  (8208,1672)  (8278,1672)  (8138,1672)  (8138,1742)  (8208,1742)  (8278,1742)  (8138,1812)  (8208,1812)  (8278,1812)  (8138,1882)  (8208,1882)  (8278,1882)  (8068,1672) (8068,1742)  (8068,1812)  (8068,1882)  (8070,1884)  | overflowToLeft=false
Kozuke  (8612,2446)  (7764,6123)  (8590,2553)  (8660,2553)  (8520,2553)  (8520,2623)  (8590,2623)  (8660,2623)   (8520,2693)  (8590,2693)  (8660,2693)  (8520,2763)  (8590,2763)  (8660,2763)  (8520,2833)  (8590,2833)   (8450,2553)   (8452,2555) | overflowToLeft=false
Pacific Ocean 5    (10895,1850)  (10965,1850)  (10825,1850)  (10825,1920)   (10895,1920)  (10965,1920)  (10825,1990)   (10895,1990)  (10965,1990)  (10825,2060)   (10895,2060)  (10965,2060)  (10825,2130)   (10895,2130)  (10965,2130)  (10825,2200)   (10895,2200)  (10965,2200)  (10827,2202)  | overflowToLeft=false
Pacific Ocean 4  (10385,3232)  (10455,3232)  (10315,3232)  (10315,3302) (10385,3302)  (10455,3302)  (10315,3372) (10385,3372)  (10455,3372)  (10315,3442) (10385,3442)  (10455,3442)  (10315,3512) (10385,3512)  (10455,3512)  (10317,3514) | overflowToLeft=false
Oshima  (9335,466)  (9324,574)  (9394,574)  (9254,574)  (9254,644)  (9324,644)  (9394,644)  (9254,714)  (9324,714)  (9394,714)  (9464,574)  (9534,574)  (9184,574)  (9184,644)  (9184,714)  (9186,716)  | overflowToLeft=false
Pacific Ocean 3   (895,6125)  (10230,4750)  (10330,4750)  (10160,4750)  (10160,4820)  (10230,4820)  (10300,4820)  (10160,4890)  (10230,4890)  (10300,4890)  (10160,4960)  (10230,4960)  (10300,4960) (10162,4962)     | overflowToLeft=false
Pacific Ocean 2  (8790,5792)  (8870,5792)  (8720,5792)  (8720,5862)  (8790,5862)  (8870,5862)  (8720,5932)  (8790,5932)  (8870,5932)  (8940,5792)  (8940,5862)  (8940,5932)  (8650,5792)  (8650,5862)  (8650,5932)  (9010,5792)  (9010,5862)  (9010,5932)  (8580,5792)  (8580,5862)  (8580,5932)  (8582,5934)    | overflowToLeft=false
Bizen  (4455,2899)  (5758,6124)  (4435,3005)  (4505,3005)  (4365,3005)  (4365,3075)  (4435,3075)  (4505,3075)  (4365,3145)  (4435,3145)   (4365,3215)  (4435,3215)  (4505,3215)   (4295,3005)  (4295,3005)  (4295,3005)  (4295,3005)  (4297,3007)   | overflowToLeft=false
Pacific Ocean 1  ((7270,5710)  (7340,5710)  (7200,5710)  (7220,1920)  (7290,1920)  (7150,1990)  (7220,1990)  (7290,1990)  (7150,2060)  (7220,2060)  (7290,2060)  (7080,1850)  (7080,1920)  (7080,1990)  (7080,2060)  (7082,2062) | overflowToLeft=false
East China Sea 1  (374,6127)  (336,3167)  (406,3167)  (266,3167)  (266,3237) (336,3237)  (406,3237)  (266,3307) (336,3307)  (406,3307)  (266,3377) (336,3377)  (406,3377)  (266,3447) (336,3447)  (406,3447)  (268,3449)  | overflowToLeft=false
East China Sea 2  (313,4395)  (383,4395)  (243,4395)  (243,4465)  (313,4465)  (383,4465)  (243,4535)  (313,4535)  (383,4535)  (243,4605)  (313,4605)  (383,4605)  (243,4675)  (313,4675)  (383,4675)  (245,4677)  | overflowToLeft=false  
East China Sea 3  (350,5320)  (420,5320)  (280,5320)  (280,5390)  (350,5390)  (420,5390)  (280,5460)  (350,5460)  (420,5460)  (280,5530)  (350,5530)  (420,5530)  (282,5532)   | overflowToLeft=false
North Hyuga  (2259,3642)  (2244,3750)  (2314,3750)  (2174,3750)  (2174,3820)  (2244,3820)  (2314,3820)  (2104,3750)  (2104,3820)  (2034,3820)  (2034,3890)  (2104,3890)   (2174,3890)  (1964,3890)  (1964,3960)  (2104,3960)  (2174,3960)  (1894,3960)  (1894,4030)  (1964,4030)  (2104,4030)  (2174,4030)  (1896,4032)   | overflowToLeft=false  
South Hyuga  (1921,4181)  (1905,4288)  (1975,4288)  (1835,4288)  (1835,4358)  (1905,4358)  (1975,4358)  (1835,4428)  (1905,4428)  (1975,4428)  (2045,4498)  (2115,4498)   (2045,4568)  (2115,4568)  (2047,4570)  (2049,4572)  | overflowToLeft=false
Iyo  (3197,3560)  (3177,3667)  (3247,3667)  (3107,3667)  (3107,3737)  (3177,3737)  (3247,3737)  (3107,3807)  (3177,3807)  (3037,3667)  (3037,3737)  (2967,3667)  (2967,3737)  (3037,3807)   (3039,3809)  | overflowToLeft=false
North Ise  (6518,3780)  (6506,3889)  (6576,3889)  (6436,3889)  (6436,3959)  (6506,3959)  (6576,3959)  (6436,4029)  (6506,4029)  (6576,4029)  (6436,4099)  (6506,4099)  (6576,4099)  (6366,4169)  (6436,4169)  (6506,4169)  (6368,4171)  | overflowToLeft=false
East Kii-South Ise pass  (5412,4999)  (5473,5039)  (5543,5039)  (5473,4969)  (5543,4969)  (5473,5109)  (5543,5109)  | overflowToLeft=false
Oshima-Ezochi pass  (9344,127)  (9318,243)  (9318,313)  (9248,243)  (9248,313)  (9388,243)  (9388,313)  | overflowToLeft=false
Gangwon-Gyeongsang pass  (1376,187)  (1078,303)  (1078,373)  (1008,303)  (1008,373)  (1148,303)  (1148,373)  | overflowToLeft=false
Tamba-Settsu pass  (5385,3058)  (5364,3174)  (5364,3244)  (5294,3174)  (5294,3244)  (5434,3174)  (5434,3244)  (5296,3246)  | overflowToLeft=false
Cheju Strait  (985,1145)  (1055,1145)  (915,1145)  (915,1215)  (985,1215)  (1055,1215)  (915,1285)  (985,1285)  (1055,1285)  (835,1145)  (835,1215)  (835,1285)  (765,1145)  (765,1215)  (765,1285)  (767,1287)     | overflowToLeft=false
Osaka Bay  (4805,3970)  (4875,3970)  (4735,3970)  (4735,4040)  (4805,4040)  (4875,4040)  (4735,4110)  (4805,4110)  (4875,4110) (4735,4180)  (4805,4180)  (4735,4250)  (4805,4250)  (4737,4252)  | overflowToLeft=false
Settsu  (5269,3377)  (2704,6125)  (5253,3487)  (5323,3487)  (5183,3487)  (5183,3557)  (5253,3557)  (5323,3557)  (5183,3627)  (5253,3627)  (5323,3627)  (5113,3487)  (5113,3557)   (5113,3627)   (5393,3557)   (5393,3627)   (5463,3557)   (5463,3627)  (5113,3697) (5183,3697)  (5253,3697)  (5115,3699)      | overflowToLeft=false
Tango-Tamba pass  (5538,2548)  (5520,2667)  (5520,2737)  (5450,2667)  (5450,2737)  (5590,2667)  (5590,2737)  | overflowToLeft=false
Ise Bay  (6516,5005)  (6586,5005)  (6446,5005)  (6446,5075)  (6516,5075)  (6586,5075)  (6446,5145)  (6516,5145)  (6586,5145)  (6656,5005)  (6656,5075)  (6656,5145)  (6376,5005)  (6376,5075)  (6376,5145)   (6378,5147)| overflowToLeft=false
Ariake Sea   (9953,6123) (982,3300)  (1052,3300)  (912,3300)  (912,3370)  (982,3370)  (1052,3370)   (912,3540)  (982,3540)  (1052,3540)   (912,3610)  (982,3610)  (1052,3610)   (914,3612)    | overflowToLeft=false
Shimotsuke  (9075,2662)  (6977,6123)  (9055,2770)  (9125,2770)  (8985,2770)  (8985,2840)  (9055,2840)  (9125,2840)  (8985,2910)  (9055,2910)  (9125,2910)   (9195,2770)   (9195,2840)   (8985,2980)   (8985,3050)   (8985,3120)   (8985,3190)  (8987,3192)| overflowToLeft=false
South Mutsu  (9236,2085)  (7937,6123)  (9222,2195)  (9292,2195)  (9152,2195)  (9152,2265)  (9222,2265)  (9292,2265)  (9362,2195)  (9362,2265)  (9082,2195)  (9082,2265)   (9432,2195)  (9432,2265)  (9502,2195)  (9502,2265)   (9362,2335)  (9432,2335)  (9502,2195)  (9364,2337) | overflowToLeft=false 
Kii Strait   (4464,4315)  (4534,4315)  (4394,4315)  (4394,4385)  (4464,4385)  (4534,4385)  (4394,4455)  (4464,4455)  (4534,4455)  (4324,4315)  (4324,4385)  (4324,4455)  (4324,4525)  (4394,4525)  (4464,4525)  (4534,4525)  (4324,4595)  (4394,4595)  (4254,4595)  (4184,4595)  (4186,4597)   | overflowToLeft=false
Yamato-Iga pass  (5820,3966)  (5880,4009)  (5950,4009)  (5880,3939)  (5950,3939)  (5880,4079)  (5950,4079)  (5882,4081)    | overflowToLeft=false
Izu  (7887,4812)  (9167,6123)  (7874,4920) (7944,4920) (7804,4920) (7804,4990)  (7874,4990) (7944,4990) (7804,5060)  (7874,5060)  (7734,4920)  (7734,4970)  (7734,5060)  (7664,5060)  (7734,5130)  (7664,5130)  (7804,5130)  (7666,5132)    | overflowToLeft=false
Sagami Bay  (10300,6121)  (8264,5080)  (8334,5080)  (8194,5080)  (8194,5150)  (8264,5150)  (8334,5150)  (8194,5220)  (8264,5220)  (8334,5220)  (8194,5290)  (8264,5290)  (8334,5290)  (8194,5360)  (8264,5360)  (8334,5360)  (8196,5362)    | overflowToLeft=false
Busan  (1344,543)  (1321,649)  (1391,649)  (1251,649)  (1251,719)  (1321,719)  (1391,719)  (1251,789)  (1321,789)  (1391,789)  (1253,791)   | overflowToLeft=false
North Mikawa  (7211,3995)  (7205,4102)  (7275,4102)  (7135,4102)  (7135,4172)  (7205,4172)  (7275,4172)  (7135,4242)  (7205,4242)  (7275,4242)   (7135,4312)  (7205,4312)  (7275,4312)  (7065,4102)  (7065,4172)  (7065,4242)  (7065,4312)  (7067,4314)  | overflowToLeft=false
North Omi-North Mino pass  (6550,3026)  (6613,3060)  (6683,3060)  (6613,2990)  (6683,2990)  (6613,3130)  (6683,3130)  | overflowToLeft=false
Bungo  (2393,3139)  (2368,3245)  (2438,3245)  (2298,3245)  (2298,3315)  (2368,3315)  (2438,3315)  (2298,3385)  (2368,3385)  (2438,3385)   (2298,3455)  (2368,3455)  (2438,3455)   (2508,3245)  (2508,3315)  (2508,3385)  (2508,3455)   (2300,3457) | overflowToLeft=false
Aki  (3285,2318)  (4605,6123)  (3275,2428)  (3345,2428)  (3205,2428)  (3205,2498)  (3275,2498)  (3345,2498)  (3205,2568)  (3275,2568)  (3345,2568)   (3415,2428)   (3415,2498)    (3415,2568)  (3485,2428)   (3485,2498)  (3485,2568)   (3207,2570)   | overflowToLeft=false
Sado  (8318,1044)   (8726,6119)  (8302,1153)  (8372,1153)  (8233,1153)  (8233,1223)  (8302,1223)  (8372,1223)  (8233,1293)  (8302,1293)  (8372,1293)   (8233,1363)  (8302,1363)  (8372,1363)  (8302,1153)   (8302,1223)  (8302,1293)  (8302,1363)   (8304,1365) | overflowToLeft=false
Yamato (5725,4039)   (2791,6125)  (5715,4150)  (5785,4150)  (5645,4150)  (5645,4220)  (5715,4220)  (5785,4220)  (5645,4290)  (5715,4290)  (5785,4290)   (5645,4360)  (5715,4360)  (5785,4360)   (5645,4430)  (5715,4430)  (5785,4430)   (5647,4432) | overflowToLeft=false
Tamba-North Omi pass  (5889,2975)  (5721,3013)  (5791,3013)  (5721,2943)  (5791,2943)  (5721,3083)  (5791,3083)  | overflowToLeft=false
Echizen-North Omi pass  (6465,2388)  (6455,2502)  (6455,2572)    (6385,2502)  (6385,2572)   (6525,2502)  (6525,2572)  (6527,2574)   | overflowToLeft=false
Iki  (1323,1726)  (1310,1835)  (1380,1835)  (1240,1835)  (1240,1905)  (1310,1905)  (1380,1905) (1240,1975)  (1310,1975)  (1380,1975)   (1240,2045)  (1310,2045)  (1380,2045)   (1240,2115)  (1310,2115)  (1380,2115) (1170,1835)  (1170,1905)  (1170,1975)  (1170,2045)  (1170,2115)  (1172,2117)  | overflowToLeft=false
Central Mutsu  (9855,1961)  (9516,6119)  (9839,2068)  (9912,2070)  (9772,2070)  (9772,2140)  (9842,2140)  (9912,2140)  (9772,2210)  (9842,2210)  (9912,2210)    (9772,2210)  (9842,2210)  (9912,2210)    (9982,2070)   (9982,2140)   (9982,2210)  (9702,2070)   (9702,2140)   (9702,2210)  (9704,2212) | overflowToLeft=false
Shibushi Bay  (1660,4965)  (1730,4965)  (1590,4965)  (1590,5035)  (1660,5035)  (1730,5035)  (1590,5105)  (1660,5105)  (1730,5105)   (1800,4965)  (1800,5035)  (1800,5105)  (1870,4965)  (1870,5035)  (1870,5105)   (1800,5175)  (1870,5175)   (1800,5245)   (1870,5245)   (1802,5247) | overflowToLeft=false
Tamba (5379,2806) (4088,6125)  (5366,2906)  (5436,2906)  (5296,2906)  (5296,2976)  (5366,2976)  (5436,2976)   (5506,2906)  (5506,2976)  (5576,2906)   (5576,2976)   (5226,2906)  (5226,2976)  (5228,2978) | overflowToLeft=false
Ishikawa Bay  (6515,1506)  (6585,1506)  (6445,1506)  (6445,1576)  (6515,1576)  (6585,1576)  (6445,1646)  (6515,1646)  (6585,1646)   (6655,1506)  (6655,1576)  (6655,1646)   (6385,1506)  (6385,1576)  (6385,1646)  (6387,1648)    | overflowToLeft=false
Yakushima  (911,5309)  (3569,6127)  (893,5415)  (963,5415)  (823,5415)  (823,5485)  (893,5485)  (963,5485)  (823,5555)  (893,5555)  (963,5555)  (823,5625)  (893,5625)  (963,5625)  (823,5695)  (893,5695)  (963,5695)  (825,5697)  | overflowToLeft=false
Kozuke-South Mutsu pass  (8766,2403)  (8831,2440)  (8901,2440)  (8831,2370)  (8901,2370)  (8831,2510)  (8901,2510)  | overflowToLeft=false
Sendai Bay  (10205,2413)  (10275,2413)  (10135,2413)  (10135,2483)  (10205,2483)  (10275,2483)  (10135,2553)  (10205,2553)  (10275,2553)  (10135,2623)  (10205,2623)  (10275,2623)  (10065,2413)  (10065,2483)  (10065,2553)  (10065,2623)  (10067,2625) | overflowToLeft=false
South Harima  (4882,3118)  (4873,3228) (4943,3228)  (4803,3228)  (4803,3298)  (4873,3298) (4943,3298)  (4803,3368)  (4873,3345)  (4943,3275)  (5013,3228)  (5013,3298)  (5013,3368)   (4943,3438)   (5013,3438)   (4945,3440) | overflowToLeft=false
West Echigo  (8273,2025)  (8260,2133)  (8330,2133)  (8190,2133)  (8190,2203)  (8260,2203)  (8330,2203)  (8190,2273)  (8260,2273)  (8330,2273)  (8120,2133)  (8120,2203)  (8120,2273)  (8122,2275)  | overflowToLeft=false
Hida  (7342,2598)  (9340,6123)  (7330,2710)  (7400,2710)  (7260,2710) (7260,2780)  (7330,2780)  (7400,2780) (7260,2850)  (7330,2850)  (7400,2850) (7260,2920)  (7330,2920)  (7400,2920)  (7470,2710)  (7470,2780)   (7470,2850)   (7470,2920)   (7190,2710)  (7190,2780)   (7190,2850)  (7192,2852)  | overflowToLeft=false
Iwate Coast   (10473,6121) (10445,1322)  (10515,1322)  (10375,1322)  (10375,1392)  (10445,1392)  (10515,1392)  (10375,1462)  (10445,1462)  (10515,1462)  (10375,1532)  (10445,1532)  (10515,1532)  (10375,1602)  (10445,1602)  (10515,1602)  (10377,1604)    | overflowToLeft=false
Etchu (7590,2199)  (2964,6126) (7590,2312) (7660,2312) (7520,2312) (7520,2382) (7590,2382) (7660,2382) (7520,2452) (7590,2452) (7660,2452)  (7520,2522) (7590,2522) (7660,2522)  (7520,2592) (7590,2592) (7660,2592)  (7522,2594)    | overflowToLeft=false
Iga-North Ise pass  (6181,3917)  (6242,3951)  (6312,3951)  (6242,3881)  (6312,3881)  (6242,4021)  (6312,4021)  | overflowToLeft=false
Suo Sea 1  (2400,2380)  (2470,2380)  (2330,2380)   (2330,2450)  (2400,2450)  (2470,2450)   (2400,2520)  (2470,2520)  (2540,2380)  (2540,2450)  (2540,2520)   (2610,2380)  (2610,2450)  (2610,2520)  (2402,2522) | overflowToLeft=false
North Dewa  (9638,1150)  (9625,1256)  (9695,1256)  (9555,1256)  (9555,1326)  (9625,1326)  (9695,1326)  (9555,1396)  (9625,1396)  (9695,1396)  (9485,1256)  (9485,1326)  (9485,1396)   (9555,1466)  (9625,1466)  (9557,1468)  | overflowToLeft=false
Suruga Bay  (7285,5160)  (7355,5160)  (7215,5160)   (7215,5230)  (7285,5230)  (7355,5230)  (7215,5300)  (7285,5300)  (7355,5300) (7145,5160) (7145,5230) (7145,5300) (7075,5160) (7075,5230) (7075,5300) (7077,5302)    | overflowToLeft=false
Nagato  (2554,1820)  (2544,1930)  (2614,1930)  (2474,1930)  (2474,2000)  (2544,2000)  (2614,2000)  (2544,1930)  (2544,2000)  (2614,1930)  (2614,2000)   (2474,1930)  (2474,2000)   (2404,1930)  (2404,2000)  (2406,2002)   | overflowToLeft=false
Suo Sea 2  (10041,6123)  (2915,3072)  (2915,3072) (2985,3072) (2845,3072) (2845,3142) (2915,3142) (2985,3142)  (2845,3212) (2915,3212) (2985,3212) (2845,3282) (2915,3282) (2985,3282)  (3055,3072)  (3055,3142)  (3055,3212)  (3055,3282)   (3125,3072)  (3125,3142)  (3125,3212)  (3125,3282)   (2827,3284)  | overflowToLeft=false
Sanuchi-Awa pass  (3990,3936)  (3968,4058)  (3968,4128)  (3898,4058)  (3898,4128)  (4038,4058)  (4038,4128)  | overflowToLeft=false
Higo-Bungo pass  (1978,3443)  (2042,3467)  (2112,3467)  (2042,3397)  (2112,3397)  (2042,3537)  (2112,3537)  (2044,3539) | overflowToLeft=false
South Shinano  (7656,3070)  (7677,6124)  (7630,3177)  (7700,3177)  (7560,3177)  (7560,3247)  (7630,3247)  (7700,3247)   (7560,3317)  (7630,3317)  (7700,3317)   (7490,3387)  (7560,3387)  (7630,3387)   (7490,3457)  (7560,3457)  (7630,3457)  (7490,3177)  (7490,3247)  (7492,3249) | overflowToLeft=false
West Kii-Izumi pass  (4560,4643)  (4617,4679)  (4687,4679)  (4617,4609)  (4687,4609)  (4617,4749)  (4687,4749)  | overflowToLeft=false
Iwami  (3403,1720)  (8377,6123)  (3402,1827)  (3472,1827)  (3332,1827)  (3332,1897)  (3402,1897)  (3472,1897)  (3332,1967)  (3402,1967)  (3472,1967)  (3542,1897)  (3542,1827)  (3542,1897)  (3542,1967)  (3262,1827)  (3192,1827)  (3194,1829)  | overflowToLeft=false
Okushiri Bay  (8875,340)  (8945,340)  (8805,340)  (8805,410)  (8875,410)  (8945,410)  (8805,480)  (8875,480)  (8945,480)  (8805,550)  (8875,550)  (8945,550)  (8805,620)  (8875,620)  (8945,620)  (8807,622)    | overflowToLeft=false
North Harima  (4999,2659)  (8462,6122)  (4983,2766)  (5053,2766)  (4913,2766)  (4913,2836)  (4983,2836)  (5053,2836)  (4913,2906)  (4983,2906)  (5053,2906)   (4913,2976)  (4983,2976)  (5053,2976)  (4843,2836)  (4843,2906)  (4843,2976)  (4773,2836)  (4773,2906)  (4773,2976)  (4775,2978) | overflowToLeft=false
Suruga  (7910,3828)  (9254,6121)  (7889,3936)  (7959,3936)  (7819,3936)  (7819,4006)  (7889,4006)  (7959,4006)  (7819,4076)  (7889,4076)  (7959,4076)  (7819,4146)  (7889,4146)  (7959,4146)  (7821,4148)    | overflowToLeft=false
Yangil Bay  (1830,420) (1900,420)  (1760,420)  (1760,490) (1830,490) (1900,490)  (1760,560) (1830,560) (1900,560)  (1760,630) (1830,630) (1900,630)   (1760,700) (1830,700) (1900,700)  (1690,420)  (1690,490)  (1690,560)  (1690,630)  (1690,700)  (1692,702)   | overflowToLeft=false
Higo-Hyuga pass  (1720,3747)  (1707,3863)  (1707,3933)  (1777,3863)  (1777,3933)  (1637,3863)  (1637,3933)  (1639,3935)    | overflowToLeft=false
Iburi  (10486,150)  (10480,260)  (10550,260)  (10410,260)  (10340,260)  (10620,260)  (10410,330)  (10480,330)  (10550,330)  (10410,400)  (10480,400)  (10412,402)  | overflowToLeft=false
Kozuke-Shimotsuke pass  (8705,2854)  (8764,2890)  (8834,2890)  (8764,2820)  (8834,2820)  (8764,2960)  (8834,2960)  | overflowToLeft=false
Goto  (495,2077)  (480,2185)  (550,2185)   (410,2185)  (410,2255)  (480,2255)  (550,2255)  (410,2325)  (480,2325)   (550,2325)  (410,2395)  (480,2395)  (550,2395)  (340,2185)  (340,2255)  (340,2325)  (340,2325)   (342,2327)       | overflowToLeft=false
Choshi Coast  (9785,4153)  (9855,4153)  (9715,4153)  (9715,4223)  (9785,4223)  (9855,4223)  (9715,4293)  (9785,4293)  (9855,4293)   (9715,4363)  (9785,4363)  (9855,4363)   (9715,4433)  (9785,4433)  (9855,4433)   (9717,4435)    | overflowToLeft=false
Kawachi-East Kii pass  (5404,4322)  (5384,4438)  (5384,4508)  (5314,4438)  (5314,4508)  (5454,4438)  (5454,4508)  | overflowToLeft=false
Shodo Bay  (10125,6122)  (4395,3705) (4465,3705)  (4325,3705)  (4325,3775)  (4395,3775) (4465,3775)  (4255,3705)  (4255,3775)  (4185,3705)  (4185,3775)  (4185,3845)  (4255,3845)  (4325,3845)  (4187,3847)  (4535,3705) (4605,3705)  (4605,3635)  (4325,3635)  (4255,3635)  (4325,3565) (4255,3565)  (4135,3705) (4137,3707)   | overflowToLeft=false
Geiyo Shoto  (3556,3051)  (3543,3157)  (3613,3157)  (3473,3157)  (3473,3227)  (3543,3227)  (3613,3227)  (3403,3157)  (3403,3627)  (3383,3157)  (3683,3627)  (3543,3297)  (3613,3297)  (3663,3297)  (3753,3227)  (3823,3227)   (3893,3227)   (3405,3629)   | overflowToLeft=false  
Kai  (8131,3120)  (9428,6121)  (8116,3227)  (8186,3227)  (8046,3227)  (8046,3297)  (8116,3297)  (8186,3297)  (8046,3367)  (8116,3367)  (8186,3367)  (7976,3227)  (7976,3297)  (7976,3367)  (7906,3297)  (7906,3367)  (8046,3437)  (8116,3437)  (7908,3369) | overflowToLeft=false
Inaba Coast  (4715,1316)  (4787,1316)  (4645,1316)  (4645,1386)  (4715,1386)  (4785,1386) (4645,1456)  (4715,1456)  (4785,1456)  (4855,1316)  (4855,1386)  (4855,1456)   (4575,1316)   (4575,1386)   (4575,1456)   (4925,1316)  (4925,1386)  (4925,1456)    (4505,1316)   (4505,1386)   (4505,1456)    (4507,1458)   | overflowToLeft=false
East Kii  (5173,5064)  (4002,6127)  (5161,5174)  (5231,5174)  (5091,5174)  (5091,5244)  (5161,5244)  (5231,5244)  (5091,5314)  (5161,5314)  (5231,5314)  (5301,5174)   (5301,5244)  (5301,5314)  (5021,5174)   (5021,5244)  (5021,5314)  (5023,5316)  | overflowToLeft=false
Musashi  (8711,3592)  (3136,6124)  (8700,3700)  (8770,3700)   (8630,3700)   (8630,3770)  (8700,3770)  (8770,3770)  (8630,3850)  (8700,3850)  (8770,3850)    (8630,3920)  (8700,3920)  (8770,3920)   (8630,3990)  (8700,3990)  (8770,3990)   (8632,3992)    | overflowToLeft=false
West Tosa  (2988,4173)  (3828,6125)  (2960,4282)  (3030,4282)  (2890,4282)  (2890,4352)  (2960,4352)  (3030,4352)  (2890,4422)  (2960,4422)  (3030,4422)  (2820,4282)  (2820,4352)  (2820,4422)   (3100,4282)  (3100,4352)  (3100,4422)   (2822,4424)     | overflowToLeft=false
Shimotsuke-South Mutsu pass  (9236,2406)  (9221,2526)  (9221,2596)  (9151,2526)  (9151,2596)  (9291,2526)  (9291,2596)   (9293,2598) | overflowToLeft=false
Kozuke-Musashi pass  (8530,3160)  (8590,3199)  (8660,3199)  (8590,3129)  (8660,3129)  (8590,3269)  (8660,3269)  | overflowToLeft=false
East Echigo-South Mutsu pass  (8766,2137)  (8831,2172)  (8901,2172)  (8831,2102)  (8901,2102)  (8831,2242)  (8901,2242)  | overflowToLeft=false
Shin Sea  (695,2555)  (765,2555)  (625,2555)  (625,2625)  (695,2625)  (765,2625)  (625,2695)  (695,2695)  (765,2695)  (625,2695)  (695,2695)  (765,2695)  (625,2765)  (695,2765)  (765,2765)  (625,2835)  (695,2835)  (765,2835) (627,2837)    | overflowToLeft=false 
West Echigo-North Shinano pass  (8119,2285)  (8101,2406)  (8101,2476)  (8031,2406)  (8031,2476)  (8171,2406)  (8171,2476)  | overflowToLeft=false
Sanuchi  (3869,3680)  (5585,6122)  (3849,3786)  (3919,3786)  (3779,3786)  (3779,3856)  (3849,3856)  (3919,3856)  (3779,3926)  (3849,3926)  (3709,3786)  (3709,3856)  (3709,3926)  (3639,3786)  (3639,3856)  (3569,3786)  (3569,3856)  (3571,3858) | overflowToLeft=false
Owari  (6835,4062)   (3049,6126) (6824,4166)  (6894,4166)  (6754,4166)  (6754,4236)  (6824,4236)  (6894,4236)   (6824,4166)   (6824,4236)    (6614,4236)   (6614,4306)  (6684,4306)  (6754,4306)  (6824,4306)  (6894,4306)   (6614,4376)  (6684,4376)  (6754,4376)  (6824,4376)  (6616,4378) | overflowToLeft=false
Toyama Bay  (10386,6123)   (7660,1800)  (7730,1800)  (7590,1800)  (7590,1870)  (7660,1870)  (7730,1870)  (7590,1940)  (7660,1940)  (7730,1940)  (7800,1800)  (7800,1870)  (7520,1800)  (7520,1870)  (7870,1800)  (7870,1870) (7450,1800)  (7450,1870)   | overflowToLeft=false
Hizen  (1366,2594)  (1345,2702)  (1415,2702)  (1275,2702)  (1275,2772)  (1345,2772)  (1415,2772)  (1275,2842)  (1345,2842)  (1415,2842)  (1205,2702)  (1205,2772) (1205,2842)  (1135,2702)  (1135,2772) (1135,2842)  (1137,2844) | overflowToLeft=false
Inaba-Mimasake pass  (4565,2270)  (4627,2308)  (4697,2308)  (4627,2238)  (4697,2238) (4627,2378)  (4697,2378)   (4629,2380)   | overflowToLeft=false
Chikuzen-Bungo pass  (1980,2997)  (2043,3036)  (2113,3036)  (2043,2966)  (2113,2966)  (2043,3106)  (2113,3106)  (2045,3108)     | overflowToLeft=false
North Omi  (722,6126)  (6311,2664)  (6290,2771)  (6360,2771)  (6220,2771)  (6220,2841)  (6290,2841)  (6360,2841)  (6220,2911)  (6290,2911)  (6430,2771)  (6430,2841)  (6150,2841)  (6150,2911)  (6150,2981)  (6080,2981)  (6010,2981)  (6152,2983)  | overflowToLeft=false
West Kii  (4607,4972)   (6631,6124)  (4587,5081)  (4657,5081)  (4517,5081)  (4517,5151)  (4587,5151)  (4657,5151)  (4517,5221)  (4587,5221)  (4657,5221)  (4517,5291)  (4587,5291)  (4657,5291)  (4517,5361)  (4587,5361)  (4657,5361)  (4519,5363)  | overflowToLeft=false
South Mikawa  (7103,4487)  (6018,6123)  (7090,4595)  (7160,4595)  (7020,4595)  (7020,4665)  (7090,4665)  (7160,4665)  (7020,4735)  (7090,4735)  (7160,4735)  (7230,4595)  (7230,4665)  (7230,4735)  (6950,4595)  (6950,4665)  (6950,4735)  (6952,4737)  | overflowToLeft=false
Idaweyama  (9906,1415)  (9874,1522)  (9944,1522)  (9804,1522)  (9804,1592)  (9874,1592)  (9944,1592)  (9804,1662)  (9874,1662)  (9944,1662)  (9806,1664)  | overflowToLeft=false
Sendai  (9861,2303)  (9828,2409)  (9898,2409)  (9758,2409)  (9758,2479)  (9828,2479)  (9898,2479)  (9758,2549)  (9828,2549)  (9898,2549)  (9760,2551)  | overflowToLeft=false
Izumo  (3797,1667)   (4777,6123)  (3785,1773)  (3855,1773)  (3715,1773)  (3715,1843)  (3785,1843)  (3855,1843)  (3715,1913)  (3785,1913)  (3855,1913)  (3715,1983)  (3785,1983)    (3925,1843)   (3925,1913)   (3995,1843)   | overflowToLeft=false
Totomi  (7567,3844)  (7552,3952)  (7622,3952)  (7482,3952)  (7482,4022)  (7552,4022)  (7622,4022)  (7482,4092)  (7552,4092)  (7622,4092) (7482,4162)  (7552,4162)  (7622,4162)   (7482,4232)  (7552,4232)  (7622,4232)   (7482,4302)  (7552,4302)  (7412,4302) (7412,4372)  (7482,4372)  (7552,4372) (7414,4374)  | overflowToLeft=false
Bingo  (3713,2451)  (5671,6125)  (3700,2560)  (3770,2560)  (3630,2560)  (3630,2630)  (3700,2630)  (3770,2630)  (3630,2700)  (3700,2700)  (3770,2700)  (3560,2700)  (3560,2770)  (3630,2770)  (3700,2770)   (3560,2840)  (3630,2840)  (3700,2840)  (3560,2910)  (3630,2910)  (3700,2910)  (3562,2912)  | overflowToLeft=false
Izumi  (5003,4504)  (4977,4614)  (5047,4614)  (4907,4614)  (4907,4684)  (4977,4684)  (5047,4684)  (4907,4754)  (4977,4754)  (5047,4754)  (5117,4614)   (5117,4684)  (5117,4754)  (4837,4614)  (4837,4684)  (4837,4754)  (4839,4756)   (4909,4686)  | overflowToLeft=false
Tanegashima  (1470,5128)  (1404,6123)  (1451,5239)  (1521,5234)  (1381,5234)  (1381,5304)  (1451,5304)  (1521,5304) (1381,5374)  (1451,5374)  (1521,5374)  (1381,5444)  (1451,5444)  (1521,5444)  (1381,5514)  (1451,5514)  (1521,5514)  (1383,5516)	    | overflowToLeft=false
Buzen-Bungo pass  (2277,2683)  (2349,2724)  (2419,2724)  (2349,2654)  (2419,2654)  (2349,2794)  (2419,2794)  | overflowToLeft=false
Iki Sea  (1040,1647)  (1110,1647)  (970,1647)  (970,1717)  (1040,1717)  (1110,1717)  (900,1717)  (900,1787)  (970,1787)  (1040,1787)  (900,1857)  (970,1857)  (1040,1857)  (830,1717)  (830,1787)  (830,1859) (830,1859)| overflowToLeft=false
Yamato-South Ise pass  (5993,4245)  (5969,4358)  (5969,4428)  (5899,4358)  (5899,4428)  (6039,4358)  (6039,4428)  | overflowToLeft=false
Jeolla  (552,741)  (5498,6125)  (533,848)  (603,848)  (463,848)  (463,918) (533,918)  (603,918)  (463,988) (533,988)  (603,988)  (673,848)  (673,918) (393,848) (393,918) (393,988) (395,990)   | overflowToLeft=false
Chikugo  (1788,3054)  (2447,6126)  (1776,3166)   (1846,3166)  (1706,3166)  (1706,3236)  (1776,3236)   (1846,3236)  (1706,3306)  (1776,3306)  (1846,3306)  (1706,3376)  (1776,3376)  (1846,3376)  (1708,3378)  | overflowToLeft=false
North Mutsu-Central Mutsu pass  (10062,1690)  (10045,1811)  (10045,1881)  (10115,1811)  (10115,1881)  (9975,1811)  (9975,1881)  (9977,1883)  | overflowToLeft=false
Shima  (5894,5050)   (5038,6123)  (5882,5158)  (5952,5158)  (5812,5158)  (5812,5228)  (5882,5228)  (5952,5228)  (5812,5298)  (5882,5298)  (5952,5298)  (6022,5158)  (6022,5228)  (6022,5298)  (5742,5158)  (5742,5228)  (5742,5298)  (5744,5300)    | overflowToLeft=false
Higo  (1630,3460)  (4518,6125)  (1619,3567)  (1689,3567)  (1549,3567)  (1549,3637)  (1619,3637)  (1689,3637)  (1759,3567)  (1759,3637)  (1829,3567)  (1829,3637)  (1899,3567)  (1899,3637)  (1479,3567)  (1479,3637)  (1481,3639) | overflowToLeft=false
Oki  (4864,607)  (4850,715)  (4920,715)  (4780,715)  (4780,785)  (4850,785)  (4920,785)  (4780,855)  (4850,855)  (4920,855)  (4710,715)  (4710,785)  (4710,855)  (4712,857)  | overflowToLeft=false
Wakasa  (5923,2339)  (5845,6123)  (5917,2450)  (5987,2450)  (5847,2450)  (5847,2520)  (5917,2520)  (5987,2520)  (5847,2590)  (5917,2590)  (5987,2590)  (5987,2450)  (5987,2520)  (5987,2590)  (5777,2450)  (5777,2520)  (5777,2590)  (5777,2660)  (5847,2660)  (5779,2592)  | overflowToLeft=false
Philippine Sea 4  (3870,5640)  (3940,5640)  (3800,5640)  (3800,5710)  (3870,5710)  (3940,5710)  (3800,5780)  (3870,5780)  (3940,5780)   (3800,5850)  (3870,5850)  (3940,5850)  (4010,5640) (4010,5710)  (4010,5780)  (4010,5850)  (3730,5640) (3730,5710)  (3730,5780)  (3730,5850)  (3732,5852)     | overflowToLeft=false
Philippine Sea 3  (3070,5105)  (3140,5105)  (3000,5105)  (3000,5175)  (3070,5175)  (3140,5175)  (3000,5245)  (3070,5245)  (3140,5245)  (3000,5315)  (3070,5315)  (3140,5315)  (3210,5105)  (3210,5175)  (3210,5245)  (3210,5315)  (2930,5105)  (2930,5175)  (2930,5245)  (2930,5315)  (2932,5317) | overflowToLeft=false
Philippine Sea 2  (2150,5380)  (2220,5380)  (2080,5380)  (2080,5450)  (2150,5450)  (2220,5450)  (2080,5520)  (2150,5520)  (2220,5520)  (2080,5590)  (2150,5590)  (2220,5590)  (2010,5380) (2010,5450) (2010,5520) (2010,5590) (2012,5592) | overflowToLeft=false
Philippine Sea 1  (1545,5748)  (1615,5748)  (1475,5748)  (1475,5818)  (1545,5818)  (1615,5818)  (1475,5888)  (1545,5888)  (1615,5888)  (1685,5748)  (1685,5818)  (1685,5888)  (1405,5818) (1405,5818)  (1405,5818)  (1407,5820)    | overflowToLeft=false
Shimotsuke-Hitachi pass  (9082,3006)  (9143,3038)  (9213,3038)  (9143,2968)  (9213,2968)  (9143,3108)  (9213,3108)  | overflowToLeft=false
Tajima (5069,1935)  (8550,6123)  (5050,2041)  (5120,2041)  (4980,2041)  (4980,2111)  (5050,2111)  (5120,2111)  (4980,2181)  (5050,2181)  (5120,2181)  (4980,2251)  (5050,2251)  (5120,2251)  (4980,2321)  (5050,2321)  (5120,2321)  (4980,2391)  (5050,2391)  (5120,2391)  (4982,2393)  | overflowToLeft=false
Fish_monopoly (270,6130)
Trade_monopoly (1230,6130)
Rice_monopoly (2350,6130)
Cedar_monopoly (3480,6130)
Shintoism_monopoly (4420,6130)
Salt_monopoly (5400,6130)
Buddhism_monopoly (6370,6130)
Silk_monopoly (7320,6130)
Silver_monopoly (8270,6130)
Gold_monopoly (9060,6130)
Shellfish_monopoly (9855,6130)